s:0.1435,0.954667,1.13043
c:0.0944167,39682,-242,2.26086,0.104261,POSITIVE,997
s:0.0695,0.936667,0.605444
c:0.0991109,51728,-203,2.20714,0.110015,NEGATIVE,611
c:0.212036,104700,-142,1.3127,0.269093,POSITIVE,823
c:0.301833,102072,63,0.838585,0.432322,NEGATIVE,1261
c:0.298916,69632,695,0.852463,0.426363,POSITIVE,993
s:0.0296667,0.912667,0.965314
c:0.0604644,51355,839,2.74333,0.0643556,POSITIVE,387
c:0.260148,26036,-81,1.0452,0.351621,POSITIVE,984
c:0.304006,102261,167,0.828294,0.436794,NEGATIVE,897
c:0.324823,103241,58,0.731695,0.481093,NEGATIVE,1220
c:0.318156,33727,175,0.762258,0.466612,NEGATIVE,751
c:0.350541,53445,9,0.616663,0.539743,NEGATIVE,839
c:0.3542,14906,-95,0.600628,0.548467,POSITIVE,1543
c:0.353758,37442,41,0.602559,0.547409,NEGATIVE,809
s:0.014,0.889667,2.71539
c:0.0268695,27987,-305,3.58952,0.0276114,NEGATIVE,166
c:0.324038,100592,-57,0.735278,0.479372,POSITIVE,908
c:0.331088,34360,60,0.703267,0.494966,NEGATIVE,822
c:0.335321,22678,-50,0.684216,0.504486,POSITIVE,968
c:0.338716,92355,-21,0.669021,0.51221,POSITIVE,1323
c:0.35675,49084,-1,0.5895,0.554604,NEGATIVE,856
c:0.351492,93752,-16,0.612489,0.542,POSITIVE,1852
c:0.356754,28450,180,0.589479,0.554616,POSITIVE,525
c:0.349463,57195,-17,0.621402,0.537191,POSITIVE,1441
c:0.346015,40243,145,0.636602,0.529087,NEGATIVE,710
s:0.006,0.851,4.17589
c:0.0126561,71634,1425,4.35688,0.0128184,POSITIVE,77
c:0.334384,64830,-10,0.688424,0.502367,POSITIVE,1173
c:0.34236,41389,-480,0.652793,0.52059,POSITIVE,675
c:0.347152,93744,-13,0.631583,0.531749,POSITIVE,1398
c:0.346243,51636,23,0.635596,0.52962,NEGATIVE,333
c:0.334636,20828,-212,0.687292,0.502936,POSITIVE,1891
c:0.331986,36288,713,0.699216,0.496975,POSITIVE,514
s:0.00166667,0.822667,4.45813
c:0.0054672,7630,-1207,5.20351,0.00549725,NEGATIVE,33
c:0.270024,30150,26,0.9945,0.369908,NEGATIVE,543
c:0.262866,93325,-8,1.03112,0.356606,NEGATIVE,942
c:0.275579,100652,-51,0.966501,0.380412,POSITIVE,1108
c:0.275536,39071,117,0.966715,0.38033,NEGATIVE,1095
c:0.278306,28751,-428,0.952878,0.385629,NEGATIVE,611
c:0.309804,100766,42,0.801035,0.448864,POSITIVE,981
s:0.000666667,0.817667,4.97318
c:0.00133111,103878,-262,6.62041,0.00133289,NEGATIVE,8
c:0.152616,10865,-423,1.71423,0.180102,POSITIVE,917
c:0.166349,64238,105,1.61173,0.199543,POSITIVE,101
s:0,0.816,5.99625
c:0.000499667,1128,-2052,7.60107,0.000499917,NEGATIVE,3
c:0.0240793,53447,449,3.70203,0.0246734,POSITIVE,145
c:0.063602,7909,709,2.6894,0.067922,NEGATIVE,449
